"No."	"PosX"	"PosY"	"PosZ"	"FrontX"	"FrontY"	"FrontZ"	"LeftX"	"LeftY"	"LeftZ"	"UpX"	"UpY"	"UpZ"
1	-32.100887	10.100006	-0.527689	1.000000	0.000000	-0.000610	-0.000610	0.000000	-1.000000	0.000000	1.000000	0.000000
2	-31.600912	10.095088	-0.528500	0.999943	-0.010567	-0.001756	-0.001755	0.000104	-0.999998	0.010567	0.999944	0.000086
3	-31.100942	10.089741	-0.529425	0.999941	-0.010687	-0.001907	-0.001907	0.000008	-0.999998	0.010687	0.999943	-0.000013
4	-30.600971	10.084422	-0.530410	0.999942	-0.010561	-0.002031	-0.002031	0.000009	-0.999998	0.010561	0.999944	-0.000012
5	-30.100999	10.079182	-0.531443	0.999944	-0.010365	-0.002136	-0.002136	0.000010	-0.999998	0.010365	0.999946	-0.000012
6	-29.601027	10.074062	-0.532528	0.999946	-0.010133	-0.002194	-0.002194	0.000010	-0.999998	0.010133	0.999949	-0.000012
7	-29.101053	10.069058	-0.533657	0.999948	-0.009891	-0.002289	-0.002289	0.000011	-0.999997	0.009891	0.999951	-0.000011
8	-28.601078	10.064176	-0.534827	0.999951	-0.009624	-0.002384	-0.002384	0.000012	-0.999997	0.009624	0.999954	-0.000011
9	-28.101102	10.059425	-0.536040	0.999953	-0.009341	-0.002480	-0.002480	0.000013	-0.999997	0.009341	0.999956	-0.000010
10	-27.601125	10.054835	-0.537303	0.999956	-0.009049	-0.002575	-0.002575	0.000014	-0.999997	0.009049	0.999959	-0.000010
11	-27.101147	10.050391	-0.538611	0.999958	-0.008736	-0.002670	-0.002670	0.000014	-0.999996	0.008736	0.999962	-0.000009
12	-26.601167	10.046100	-0.539964	0.999961	-0.008406	-0.002766	-0.002766	0.000015	-0.999996	0.008406	0.999965	-0.000008
13	-26.101186	10.041971	-0.541364	0.999963	-0.008065	-0.002861	-0.002861	0.000015	-0.999996	0.008065	0.999967	-0.000008
14	-25.601203	10.038043	-0.542821	0.999966	-0.007692	-0.002956	-0.002956	0.000016	-0.999996	0.007692	0.999970	-0.000007
15	-25.101220	10.034299	-0.544331	0.999969	-0.007291	-0.003071	-0.003071	0.000017	-0.999995	0.007291	0.999973	-0.000006
16	-24.601235	10.030750	-0.545896	0.999971	-0.006875	-0.003185	-0.003185	0.000017	-0.999995	0.006875	0.999976	-0.000005
17	-24.101249	10.027409	-0.547519	0.999974	-0.006430	-0.003319	-0.003319	0.000018	-0.999994	0.006430	0.999979	-0.000004
18	-23.601261	10.024329	-0.549215	0.999976	-0.005943	-0.003462	-0.003462	0.000018	-0.999994	0.005943	0.999982	-0.000002
19	-23.101272	10.021483	-0.550975	0.999979	-0.005466	-0.003586	-0.003586	0.000019	-0.999994	0.005466	0.999985	-0.000001
20	-22.601282	10.018862	-0.552798	0.999981	-0.005005	-0.003710	-0.003710	0.000019	-0.999993	0.005005	0.999987	0.000000
21	-22.101292	10.016456	-0.554680	0.999982	-0.004567	-0.003815	-0.003815	0.000019	-0.999993	0.004567	0.999990	0.000002
22	-21.601300	10.014288	-0.556628	0.999984	-0.004158	-0.003948	-0.003948	0.000019	-0.999992	0.004158	0.999991	0.000003
23	-21.101308	10.012313	-0.558629	0.999985	-0.003760	-0.004044	-0.004044	0.000019	-0.999992	0.003760	0.999993	0.000004
24	-20.601315	10.010523	-0.560682	0.999986	-0.003387	-0.004168	-0.004168	0.000019	-0.999991	0.003387	0.999994	0.000005
25	-20.101322	10.008908	-0.562782	0.999986	-0.003030	-0.004273	-0.004272	0.000019	-0.999991	0.003030	0.999995	0.000006
26	-19.601329	10.007486	-0.564936	0.999987	-0.002703	-0.004358	-0.004358	0.000019	-0.999991	0.002703	0.999996	0.000007
27	-19.101336	10.006218	-0.567133	0.999987	-0.002387	-0.004425	-0.004425	0.000019	-0.999990	0.002387	0.999997	0.000008
28	-18.601342	10.005096	-0.569371	0.999988	-0.002095	-0.004520	-0.004520	0.000019	-0.999990	0.002095	0.999998	0.000009
29	-18.101348	10.004113	-0.571646	0.999988	-0.001820	-0.004578	-0.004578	0.000019	-0.999990	0.001820	0.999998	0.000010
30	-17.601354	10.003277	-0.573963	0.999988	-0.001564	-0.004664	-0.004663	0.000018	-0.999989	0.001564	0.999999	0.000011
31	-17.101360	10.002560	-0.576312	0.999988	-0.001324	-0.004730	-0.004730	0.000018	-0.999989	0.001324	0.999999	0.000011
32	-16.601366	10.001953	-0.578692	0.999988	-0.001101	-0.004797	-0.004797	0.000017	-0.999988	0.001101	0.999999	0.000012
33	-16.101372	10.001446	-0.581099	0.999988	-0.000904	-0.004845	-0.004845	0.000017	-0.999988	0.000905	1.000000	0.000013
34	-15.601378	10.001046	-0.583536	0.999988	-0.000725	-0.004892	-0.004892	0.000017	-0.999988	0.000725	1.000000	0.000013
35	-15.101384	10.000726	-0.585995	0.999988	-0.000567	-0.004940	-0.004940	0.000016	-0.999988	0.000567	1.000000	0.000013
36	-14.601391	10.000479	-0.588474	0.999988	-0.000425	-0.004973	-0.004973	0.000016	-0.999988	0.000425	1.000000	0.000014
37	-14.101397	10.000296	-0.590971	0.999987	-0.000300	-0.005016	-0.005016	0.000015	-0.999987	0.000300	1.000000	0.000014
38	-13.601403	10.000174	-0.593485	0.999987	-0.000200	-0.005040	-0.005040	0.000015	-0.999987	0.000200	1.000000	0.000014
39	-13.101410	10.000096	-0.596011	0.999987	-0.000120	-0.005064	-0.005064	0.000014	-0.999987	0.000120	1.000000	0.000014
40	-12.601416	10.000052	-0.598546	0.999987	-0.000060	-0.005074	-0.005074	0.000014	-0.999987	0.000060	1.000000	0.000013
41	-12.101423	10.000032	-0.601089	0.999987	-0.000022	-0.005093	-0.005093	0.000013	-0.999987	0.000022	1.000000	0.000013
42	-11.601429	10.000029	-0.603635	0.999987	-0.000004	-0.005093	-0.005093	0.000013	-0.999987	0.000004	1.000000	0.000013
43	-11.101435	10.000029	-0.606183	0.999987	0.000000	-0.005093	-0.005093	0.000012	-0.999987	0.000000	1.000000	0.000012
44	-10.601442	10.000029	-0.608730	0.999987	0.000000	-0.005093	-0.005093	0.000012	-0.999987	0.000000	1.000000	0.000012
45	-10.101448	10.000029	-0.611278	0.999987	0.000000	-0.005093	-0.005093	0.000011	-0.999987	0.000000	1.000000	0.000011
46	-9.601455	10.000029	-0.613825	0.999987	0.000000	-0.005093	-0.005093	0.000011	-0.999987	-0.000000	1.000000	0.000011
47	-9.101461	10.000029	-0.616373	0.999987	0.000000	-0.005093	-0.005093	0.000010	-0.999987	0.000000	1.000000	0.000010
48	-8.601468	10.000029	-0.618920	0.999987	0.000000	-0.005093	-0.005093	0.000010	-0.999987	0.000000	1.000000	0.000010
49	-8.101474	10.000029	-0.621468	0.999987	0.000000	-0.005093	-0.005093	0.000010	-0.999987	0.000000	1.000000	0.000010
50	-7.601481	10.000029	-0.624015	0.999987	0.000000	-0.005093	-0.005093	0.000009	-0.999987	-0.000000	1.000000	0.000009
51	-7.101487	10.000029	-0.626563	0.999987	0.000000	-0.005093	-0.005093	0.000008	-0.999987	0.000000	1.000000	0.000008
52	-6.601494	10.000029	-0.629111	0.999987	0.000000	-0.005093	-0.005093	0.000008	-0.999987	0.000000	1.000000	0.000008
53	-6.101500	10.000029	-0.631658	0.999987	0.000000	-0.005093	-0.005093	0.000007	-0.999987	0.000000	1.000000	0.000007
54	-5.601507	10.000029	-0.634206	0.999987	0.000000	-0.005093	-0.005093	0.000007	-0.999987	-0.000000	1.000000	0.000007
55	-5.101513	10.000029	-0.636753	0.999987	0.000000	-0.005093	-0.005093	0.000007	-0.999987	-0.000000	1.000000	0.000007
56	-4.601520	10.000029	-0.639301	0.999987	0.000000	-0.005093	-0.005093	0.000006	-0.999987	0.000000	1.000000	0.000006
57	-4.101526	10.000029	-0.641849	0.999987	0.000000	-0.005093	-0.005093	0.000006	-0.999987	0.000000	1.000000	0.000006
58	-3.601533	10.000029	-0.644396	0.999987	0.000000	-0.005097	-0.005097	0.000005	-0.999987	-0.000000	1.000000	0.000005
59	-3.101539	10.000029	-0.646944	0.999987	0.000000	-0.005097	-0.005097	0.000005	-0.999987	0.000000	1.000000	0.000005
60	-2.601546	10.000029	-0.649491	0.999987	0.000000	-0.005097	-0.005097	0.000005	-0.999987	-0.000000	1.000000	0.000005
61	-2.101552	10.000029	-0.652039	0.999987	0.000000	-0.005097	-0.005097	0.000004	-0.999987	-0.000000	1.000000	0.000004
62	-1.601559	10.000029	-0.654587	0.999987	0.000000	-0.005095	-0.005095	0.000004	-0.999987	0.000000	1.000000	0.000004
63	-1.101565	10.000029	-0.657135	0.999987	0.000000	-0.005095	-0.005095	0.000003	-0.999987	-0.000000	1.000000	0.000003
64	-0.601572	10.000029	-0.659682	0.999987	0.000000	-0.005095	-0.005095	0.000003	-0.999987	-0.000000	1.000000	0.000003
65	-0.101578	10.000029	-0.662230	0.999987	-0.000000	-0.005095	-0.005095	0.000003	-0.999987	0.000000	1.000000	0.000003
66	0.398415	10.000029	-0.664778	0.999987	0.000000	-0.005095	-0.005095	0.000002	-0.999987	-0.000000	1.000000	0.000002
67	0.898409	10.000029	-0.667326	0.999987	0.000000	-0.005095	-0.005095	0.000002	-0.999987	0.000000	1.000000	0.000002
68	1.398402	10.000029	-0.669873	0.999987	0.000000	-0.005095	-0.005095	0.000002	-0.999987	0.000000	1.000000	0.000002
69	1.898396	10.000029	-0.672421	0.999987	0.000000	-0.005095	-0.005095	0.000001	-0.999987	0.000000	1.000000	0.000001
70	2.398389	10.000029	-0.674969	0.999987	0.000000	-0.005097	-0.005097	0.000001	-0.999987	-0.000000	1.000000	0.000001
71	2.898383	10.000029	-0.677517	0.999987	0.000000	-0.005097	-0.005097	0.000001	-0.999987	-0.000000	1.000000	0.000001
72	3.398376	10.000029	-0.680065	0.999987	0.000000	-0.005097	-0.005097	0.000000	-0.999987	0.000000	1.000000	0.000000
73	3.898370	10.000029	-0.682613	0.999987	0.000000	-0.005097	-0.005097	0.000000	-0.999987	-0.000000	1.000000	0.000000
74	4.398363	10.000029	-0.685161	0.999987	0.000000	-0.005093	-0.005093	0.000000	-0.999987	0.000000	1.000000	0.000000
75	4.898357	10.000029	-0.687709	0.999987	-0.000000	-0.005093	-0.005093	-0.000000	-0.999987	0.000000	1.000000	-0.000000
76	5.398350	10.000029	-0.690257	0.999987	-0.000000	-0.005093	-0.005093	-0.000000	-0.999987	0.000000	1.000000	-0.000000
77	5.898344	10.000029	-0.692805	0.999987	-0.000000	-0.005093	-0.005093	-0.000000	-0.999987	0.000000	1.000000	-0.000000
78	6.398337	10.000029	-0.695353	0.999987	-0.000000	-0.005093	-0.005093	-0.000001	-0.999987	0.000000	1.000000	-0.000001
79	6.898331	10.000029	-0.697901	0.999987	-0.000000	-0.005093	-0.005093	-0.000001	-0.999987	0.000000	1.000000	-0.000001
80	7.398324	10.000029	-0.700449	0.999987	-0.000000	-0.005093	-0.005093	-0.000001	-0.999987	0.000000	1.000000	-0.000001
81	7.898318	10.000029	-0.702997	0.999987	-0.000000	-0.005093	-0.005093	-0.000001	-0.999987	0.000000	1.000000	-0.000001
82	8.398311	10.000029	-0.705545	0.999987	-0.000000	-0.005093	-0.005093	-0.000001	-0.999987	0.000000	1.000000	-0.000001
83	8.898305	10.000029	-0.708093	0.999987	-0.000000	-0.005093	-0.005093	-0.000001	-0.999987	0.000000	1.000000	-0.000001
84	9.398298	10.000029	-0.710641	0.999987	-0.000000	-0.005093	-0.005093	-0.000001	-0.999987	0.000000	1.000000	-0.000001
85	9.898292	10.000029	-0.713190	0.999987	-0.000000	-0.005093	-0.005093	-0.000001	-0.999987	-0.000000	1.000000	-0.000001
86	10.398285	10.000029	-0.715738	0.999987	-0.000000	-0.005093	-0.005093	-0.000001	-0.999987	-0.000000	1.000000	-0.000001
87	10.898279	10.000029	-0.718286	0.999987	-0.000000	-0.005093	-0.005093	-0.000001	-0.999987	-0.000000	1.000000	-0.000001
88	11.398272	10.000029	-0.720834	0.999987	-0.000000	-0.005093	-0.005093	-0.000001	-0.999987	-0.000000	1.000000	-0.000001
89	11.898266	10.000029	-0.723383	0.999987	-0.000000	-0.005093	-0.005093	-0.000001	-0.999987	0.000000	1.000000	-0.000001
90	12.398259	10.000029	-0.725931	0.999987	-0.000000	-0.005093	-0.005093	-0.000001	-0.999987	-0.000000	1.000000	-0.000001
91	12.898253	10.000029	-0.728477	0.999987	-0.000000	-0.005083	-0.005083	-0.000001	-0.999987	-0.000000	1.000000	-0.000001
92	13.398246	10.000029	-0.731016	0.999987	-0.000000	-0.005059	-0.005059	-0.000001	-0.999987	0.000000	1.000000	-0.000001
93	13.898240	10.000029	-0.733535	0.999988	-0.000000	-0.004997	-0.004997	-0.000001	-0.999988	0.000000	1.000000	-0.000001
94	14.398234	10.000029	-0.736013	0.999988	-0.000000	-0.004916	-0.004916	-0.000001	-0.999988	-0.000000	1.000000	-0.000001
95	14.898228	10.000030	-0.738435	0.999989	-0.000000	-0.004778	-0.004778	-0.000001	-0.999989	0.000000	1.000000	-0.000001
96	15.398223	10.000030	-0.740779	0.999990	-0.000000	-0.004582	-0.004582	-0.000001	-0.999990	0.000000	1.000000	-0.000001
97	15.898218	10.000030	-0.743017	0.999991	-0.000000	-0.004329	-0.004329	-0.000001	-0.999991	0.000000	1.000000	-0.000001
98	16.398213	10.000030	-0.745089	0.999992	-0.000000	-0.003967	-0.003967	-0.000001	-0.999992	0.000000	1.000000	-0.000001
99	16.898210	10.000030	-0.746975	0.999994	-0.000000	-0.003547	-0.003547	-0.000001	-0.999994	0.000000	1.000000	-0.000001
100	17.398207	10.000030	-0.748636	0.999995	-0.000000	-0.003042	-0.003042	-0.000001	-0.999995	-0.000000	1.000000	-0.000001
101	17.898205	10.000030	-0.750030	0.999997	-0.000000	-0.002441	-0.002441	-0.000001	-0.999997	0.000000	1.000000	-0.000001
102	18.398204	10.000030	-0.751066	0.999998	-0.000000	-0.001763	-0.001763	-0.000001	-0.999998	-0.000000	1.000000	-0.000001
103	18.898203	10.000030	-0.751763	0.999999	-0.000000	-0.001048	-0.001048	-0.000001	-0.999999	0.000000	1.000000	-0.000001
104	19.398203	10.000031	-0.752107	1.000000	-0.000000	-0.000304	-0.000304	-0.000001	-1.000000	-0.000000	1.000000	-0.000001
105	19.898203	10.000031	-0.752096	1.000000	0.000000	0.000420	0.000420	-0.000000	-1.000000	-0.000000	1.000000	-0.000000
106	20.398203	10.000031	-0.751707	0.999999	0.000000	0.001040	0.001040	-0.000000	-0.999999	-0.000000	1.000000	-0.000000
107	20.898203	10.000031	-0.751033	0.999999	0.000000	0.001603	0.001603	-0.000000	-0.999999	0.000000	1.000000	-0.000000
108	21.398202	10.000031	-0.750110	0.999998	0.000000	0.002080	0.002080	-0.000000	-0.999998	0.000000	1.000000	-0.000000
109	21.898200	10.000031	-0.748968	0.999997	0.000000	0.002518	0.002518	0.000000	-0.999997	0.000000	1.000000	0.000000
110	22.398199	10.000031	-0.747608	0.999996	0.000000	0.002881	0.002881	0.000000	-0.999996	0.000000	1.000000	0.000000
111	22.898196	10.000031	-0.746091	0.999995	0.000000	0.003167	0.003167	0.000000	-0.999995	0.000000	1.000000	0.000000
112	23.398194	10.000031	-0.744442	0.999994	-0.000000	0.003424	0.003424	0.000000	-0.999994	0.000000	1.000000	0.000000
113	23.898191	10.000031	-0.742681	0.999993	-0.000000	0.003624	0.003624	0.000000	-0.999993	-0.000000	1.000000	0.000000
114	24.398187	10.000031	-0.740818	0.999993	-0.000000	0.003796	0.003796	0.000000	-0.999993	-0.000000	1.000000	0.000000
115	24.898183	10.000031	-0.738890	0.999992	-0.000000	0.003910	0.003910	0.000001	-0.999992	0.000000	1.000000	0.000001
116	25.398179	10.000031	-0.736913	0.999992	-0.000000	0.003996	0.003996	0.000001	-0.999992	0.000000	1.000000	0.000001
117	25.898175	10.000031	-0.734904	0.999992	-0.000000	0.004044	0.004044	0.000001	-0.999992	-0.000000	1.000000	0.000001
118	26.398171	10.000031	-0.732865	0.999991	-0.000000	0.004226	0.004226	0.000001	-0.999991	0.000000	1.000000	0.000001
119	26.898166	10.000031	-0.730537	0.999985	-0.000000	0.005554	0.005554	0.000001	-0.999985	0.000000	1.000000	0.000001
120	27.398154	10.000031	-0.727118	0.999961	-0.000000	0.008799	0.008799	0.000001	-0.999961	0.000000	1.000000	0.000001
121	27.898124	10.000031	-0.721695	0.999902	-0.000000	0.013973	0.013973	0.000001	-0.999902	0.000000	1.000000	0.000001
122	28.398043	10.000031	-0.712794	0.999775	-0.000000	0.021233	0.021233	0.000001	-0.999775	-0.000000	1.000000	0.000001
123	28.897875	10.000031	-0.699960	0.999543	-0.000000	0.030229	0.030229	0.000001	-0.999543	0.000000	1.000000	0.000001
124	29.397562	10.000031	-0.682401	0.999163	-0.000000	0.040913	0.040913	0.000001	-0.999163	0.000000	1.000000	0.000001
125	29.897026	10.000031	-0.659335	0.998584	-0.000000	0.053200	0.053200	0.000001	-0.998584	0.000000	1.000000	0.000001
126	30.396091	10.000031	-0.628863	0.997728	-0.000000	0.067375	0.067375	0.000001	-0.997728	0.000000	1.000000	0.000001
127	30.894662	10.000031	-0.591205	0.996545	-0.000000	0.083057	0.083057	0.000001	-0.996545	0.000000	1.000000	0.000001
128	31.392571	10.000031	-0.545654	0.994962	-0.000000	0.100254	0.100254	0.000001	-0.994962	0.000000	1.000000	0.000001
129	31.889622	10.000031	-0.491510	0.992906	-0.000000	0.118901	0.118901	0.000001	-0.992906	0.000000	1.000000	0.000001
130	32.385364	10.000031	-0.426481	0.990269	-0.000000	0.139164	0.139164	0.000001	-0.990269	-0.000000	1.000000	0.000001
131	32.879674	10.000031	-0.351388	0.986994	-0.000000	0.160760	0.160760	0.000001	-0.986994	0.000000	1.000000	0.000001
132	33.372243	10.000031	-0.265624	0.982999	-0.000000	0.183612	0.183612	0.000001	-0.982999	-0.000000	1.000000	0.000001
133	33.862724	10.000031	-0.168604	0.978205	-0.000000	0.207642	0.207642	0.000001	-0.978205	-0.000000	1.000000	0.000001
134	34.350277	10.000031	-0.057809	0.972554	-0.000000	0.232678	0.232678	0.000001	-0.972554	-0.000000	1.000000	0.000001
135	34.834921	10.000031	0.065050	0.966203	-0.000000	0.257782	0.257782	0.000001	-0.966203	-0.000000	1.000000	0.000001
136	35.316358	10.000031	0.199931	0.959171	-0.000000	0.282825	0.282825	0.000001	-0.959171	-0.000000	1.000000	0.000001
137	35.794254	10.000031	0.346889	0.951369	-0.000000	0.308054	0.308054	0.000000	-0.951369	-0.000000	1.000000	0.000000
138	36.267524	10.000031	0.508122	0.942596	-0.000000	0.333934	0.333934	0.000000	-0.942596	-0.000000	1.000000	0.000000
139	36.736305	10.000031	0.681942	0.932718	0.000000	0.360607	0.360607	0.000000	-0.932718	0.000000	1.000000	0.000000
140	37.200045	10.000031	0.868789	0.921531	0.000000	0.388305	0.388305	-0.000000	-0.921531	-0.000000	1.000000	-0.000000
141	37.658070	10.000031	1.069256	0.908725	0.000000	0.417396	0.417396	-0.000001	-0.908725	-0.000000	1.000000	-0.000001
142	38.108347	10.000031	1.286555	0.893728	0.000000	0.448609	0.448609	-0.000001	-0.893728	0.000000	1.000000	-0.000001
143	38.550777	10.000031	1.519363	0.876120	0.000000	0.482093	0.482093	-0.000001	-0.876120	-0.000000	1.000000	-0.000001
144	38.984012	10.000031	1.768847	0.855202	0.000000	0.518295	0.518295	-0.000001	-0.855202	0.000000	1.000000	-0.000001
145	39.406310	10.000031	2.036450	0.830020	0.000001	0.557733	0.557733	-0.000001	-0.830020	0.000000	1.000000	-0.000001
146	39.812871	10.000031	2.327358	0.798537	0.000001	0.601945	0.601945	-0.000001	-0.798537	0.000000	1.000000	-0.000001
147	40.202406	10.000031	2.640579	0.759200	0.000001	0.650857	0.650857	-0.000001	-0.759200	0.000000	1.000000	-0.000001
148	40.570731	10.000031	2.978422	0.709321	0.000001	0.704886	0.704886	-0.000001	-0.709321	-0.000000	1.000000	-0.000001
149	40.912152	10.000031	3.343457	0.646232	0.000001	0.763141	0.763141	-0.000001	-0.646232	-0.000000	1.000000	-0.000001
150	41.214229	10.000031	3.741589	0.570092	0.000001	0.821581	0.821581	-0.000001	-0.570092	0.000000	1.000000	-0.000001
151	41.478150	10.000031	4.165839	0.488571	0.000000	0.872524	0.872524	-0.000000	-0.488571	0.000000	1.000000	-0.000000
152	41.702306	10.000031	4.612401	0.405540	0.000000	0.914077	0.914077	0.000000	-0.405540	0.000000	1.000000	0.000000
153	41.886993	10.000031	5.076824	0.325537	0.000000	0.945529	0.945529	0.000000	-0.325537	0.000000	1.000000	0.000000
154	42.029222	10.000031	5.556028	0.254172	0.000000	0.967159	0.967159	0.000000	-0.254172	0.000000	1.000000	0.000000
155	42.139538	10.000031	6.043553	0.192503	0.000000	0.981296	0.981296	0.000000	-0.192503	0.000000	1.000000	0.000000
156	42.222814	10.000031	6.536462	0.141523	0.000000	0.989935	0.989935	0.000000	-0.141523	0.000000	1.000000	0.000000
157	42.284018	10.000031	7.032653	0.101383	0.000000	0.994847	0.994847	0.000000	-0.101383	0.000000	1.000000	0.000000
158	42.326232	10.000031	7.530850	0.073209	0.000000	0.997317	0.997317	0.000000	-0.073209	0.000000	1.000000	0.000000
159	42.357358	10.000031	8.029868	0.054567	0.000000	0.998510	0.998510	0.000000	-0.054567	0.000000	1.000000	0.000000
160	42.381718	10.000031	8.529270	0.044773	0.000000	0.998997	0.998997	0.000000	-0.044773	0.000000	1.000000	0.000000
161	42.403232	10.000031	9.028807	0.042345	0.000000	0.999103	0.999103	0.000000	-0.042345	0.000000	1.000000	0.000000
162	42.424395	10.000031	9.528359	0.042345	0.000000	0.999103	0.999103	0.000000	-0.042345	0.000000	1.000000	0.000000
163	42.445562	10.000031	10.027911	0.042345	0.000000	0.999103	0.999103	0.000000	-0.042345	0.000000	1.000000	0.000000
164	42.466729	10.000031	10.527462	0.042345	0.000000	0.999103	0.999103	0.000000	-0.042345	0.000000	1.000000	0.000000
165	42.487896	10.000031	11.027014	0.042326	0.000000	0.999104	0.999104	0.000000	-0.042326	0.000000	1.000000	0.000000
166	42.509063	10.000031	11.526566	0.042326	0.000000	0.999104	0.999104	0.000000	-0.042326	0.000000	1.000000	0.000000
167	42.530230	10.000031	12.026118	0.042326	0.000000	0.999104	0.999104	0.000000	-0.042326	0.000000	1.000000	0.000000
168	42.551397	10.000031	12.525669	0.042326	0.000000	0.999104	0.999104	0.000000	-0.042326	0.000000	1.000000	0.000000
169	42.572561	10.000031	13.025221	0.042326	0.000000	0.999104	0.999104	0.000000	-0.042326	0.000000	1.000000	0.000000
170	42.593727	10.000031	13.524773	0.042326	0.000000	0.999104	0.999104	0.000000	-0.042326	0.000000	1.000000	0.000000
171	42.614891	10.000031	14.024325	0.042326	0.000000	0.999104	0.999104	0.000000	-0.042326	0.000000	1.000000	0.000000
172	42.636055	10.000031	14.523877	0.042340	0.000000	0.999103	0.999103	0.000000	-0.042340	0.000000	1.000000	0.000000
173	42.657211	10.000031	15.023429	0.042018	0.000000	0.999117	0.999117	0.000000	-0.042018	0.000000	1.000000	0.000000
174	42.677179	10.000031	15.523029	0.036456	0.000000	0.999335	0.999335	0.000000	-0.036456	0.000000	1.000000	0.000000
175	42.692280	10.000031	16.022792	0.021825	0.000000	0.999762	0.999762	0.000000	-0.021825	0.000000	1.000000	0.000000
176	42.697905	10.000031	16.522738	-0.003656	0.000000	0.999993	0.999993	-0.000016	0.003656	0.000016	1.000000	-0.000000
177	42.688431	10.000031	17.022615	-0.041906	0.000001	0.999122	0.999122	-0.000022	0.041906	0.000022	1.000000	0.000000
178	42.652969	10.000031	17.521264	-0.097337	0.000002	0.995252	0.995252	-0.000022	0.097337	0.000022	1.000000	-0.000000
179	42.586906	10.000031	18.016671	-0.168617	0.000004	0.985682	0.985682	-0.000021	0.168617	0.000022	1.000000	0.000000
180	42.482977	10.000031	18.505456	-0.254698	-0.000002	0.967021	0.967021	-0.000023	0.254698	0.000022	1.000000	0.000008
181	42.334682	10.000031	18.982686	-0.351759	-0.000003	0.936091	0.936091	-0.000024	0.351759	0.000022	1.000000	0.000011
182	42.130497	10.000031	19.438735	-0.453276	-0.000002	0.891370	0.891370	-0.000026	0.453276	0.000022	1.000000	0.000014
183	41.878857	10.000031	19.870254	-0.548062	-0.000006	0.836438	0.836438	-0.000030	0.548062	0.000022	1.000000	0.000022
184	41.584916	10.000031	20.274251	-0.627973	-0.000003	0.778235	0.778235	-0.000031	0.627973	0.000022	1.000000	0.000022
185	41.255708	10.000031	20.650297	-0.693420	-0.000008	0.720534	0.720534	-0.000038	0.693420	0.000022	1.000000	0.000033
186	40.893693	10.000031	20.994971	-0.746405	-0.000005	0.665492	0.665492	-0.000039	0.746405	0.000022	1.000000	0.000033
187	40.508651	10.000031	21.313659	-0.790617	-0.000003	0.612311	0.612311	-0.000039	0.790617	0.000022	1.000000	0.000033
188	40.104157	10.000031	21.607307	-0.827831	-0.000005	0.560978	0.560978	-0.000046	0.827831	0.000022	1.000000	0.000041
189	39.683002	10.000031	21.876629	-0.859372	-0.000004	0.511351	0.511351	-0.000049	0.859372	0.000022	1.000000	0.000044
190	39.245672	10.000031	22.118840	-0.886063	-0.000001	0.463564	0.463564	-0.000049	0.886063	0.000022	1.000000	0.000044
191	38.796560	10.000031	22.338373	-0.908994	0.000002	0.416809	0.416809	-0.000049	0.908994	0.000022	1.000000	0.000044
192	38.337247	10.000031	22.535695	-0.928666	0.000004	0.370918	0.370918	-0.000049	0.928666	0.000022	1.000000	0.000044
193	37.869068	10.000031	22.711039	-0.945483	0.000006	0.325672	0.325672	-0.000048	0.945483	0.000022	1.000000	0.000044
194	37.392269	10.000031	22.861392	-0.959642	0.000004	0.281223	0.281223	-0.000044	0.959642	0.000016	1.000000	0.000041
195	36.909348	10.000031	22.990665	-0.971157	-0.000008	0.238442	0.238442	-0.000032	0.971157	0.000000	1.000000	0.000033
196	36.421566	10.000031	23.100239	-0.979901	-0.000007	0.199485	0.199485	-0.000032	0.979901	0.000000	1.000000	0.000033
197	35.930102	10.000031	23.192044	-0.986303	-0.000004	0.164941	0.164941	-0.000021	0.986303	0.000000	1.000000	0.000022
198	35.435616	10.000031	23.265946	-0.990832	-0.000003	0.135102	0.135102	-0.000019	0.990832	-0.000000	1.000000	0.000019
199	34.939322	10.000031	23.326499	-0.994038	-0.000001	0.109030	0.109030	-0.000011	0.994038	-0.000000	1.000000	0.000011
200	34.441738	10.000031	23.375384	-0.996256	-0.000000	0.086447	0.086447	-0.000003	0.996256	-0.000000	1.000000	0.000003
201	33.943250	10.000031	23.414095	-0.997752	0.000001	0.067008	0.067008	0.000011	0.997752	-0.000000	1.000000	-0.000011
202	33.444088	10.000031	23.442931	-0.998705	0.000001	0.050870	0.050870	0.000025	0.998705	-0.000000	1.000000	-0.000025
203	32.944569	10.000031	23.464694	-0.999303	0.000001	0.037325	0.037325	0.000033	0.999303	0.000000	1.000000	-0.000033
204	32.444825	10.000031	23.480537	-0.999657	0.000001	0.026181	0.026181	0.000041	0.999657	-0.000000	1.000000	-0.000041
205	31.944947	10.000031	23.491481	-0.999853	0.000001	0.017148	0.017148	0.000065	0.999853	-0.000000	1.000000	-0.000066
206	31.444991	10.000031	23.498052	-0.999946	0.000001	0.010398	0.010398	0.000079	0.999946	-0.000000	1.000000	-0.000079
207	30.945007	10.000031	23.501841	-0.999985	0.000000	0.005422	0.005422	0.000093	0.999985	-0.000000	1.000000	-0.000093
208	30.445010	10.000031	23.503657	-0.999998	0.000000	0.002133	0.002133	0.000106	0.999998	-0.000000	1.000000	-0.000106
209	29.945011	10.000031	23.504237	-1.000000	0.000000	0.000378	0.000378	0.000120	1.000000	-0.000000	1.000000	-0.000120
210	29.445011	10.000031	23.504268	-1.000000	-0.000000	-0.000129	-0.000129	0.000134	1.000000	-0.000000	1.000000	-0.000134
211	28.945011	10.000031	23.504028	-0.999999	-0.000000	-0.001060	-0.001060	0.000147	0.999999	-0.000000	1.000000	-0.000147
212	28.445012	10.000031	23.503129	-0.999996	-0.000000	-0.002878	-0.002878	0.000161	0.999996	-0.000000	1.000000	-0.000161
213	27.945016	10.000031	23.501137	-0.999984	-0.000001	-0.005599	-0.005599	0.000174	0.999984	0.000000	1.000000	-0.000174
214	27.445031	10.000031	23.497333	-0.999956	-0.000002	-0.009382	-0.009382	0.000177	0.999956	-0.000000	1.000000	-0.000177
215	26.945066	10.000031	23.491495	-0.999901	-0.000003	-0.014060	-0.014060	0.000191	0.999901	-0.000000	1.000000	-0.000191
216	26.445136	10.000031	23.483199	-0.999807	-0.000004	-0.019627	-0.019627	0.000196	0.999807	-0.000000	1.000000	-0.000196
217	25.945263	10.000031	23.471989	-0.999657	-0.000005	-0.026192	-0.026192	0.000207	0.999657	0.000000	1.000000	-0.000207
218	25.445495	10.000031	23.456815	-0.999426	0.000004	-0.033867	-0.033867	0.000207	0.999426	0.000011	1.000000	-0.000207
219	24.945864	10.000031	23.437679	-0.999090	0.000002	-0.042649	-0.042649	0.000207	0.999090	0.000011	1.000000	-0.000207
220	24.446426	10.000031	23.414055	-0.998615	-0.000000	-0.052605	-0.052605	0.000207	0.998615	0.000011	1.000000	-0.000207
221	23.947254	10.000031	23.385340	-0.997962	-0.000002	-0.063809	-0.063809	0.000207	0.997962	0.000011	1.000000	-0.000207
222	23.448514	10.000031	23.349940	-0.997057	-0.000002	-0.076666	-0.076666	0.000205	0.997057	0.000014	1.000000	-0.000204
223	22.950285	10.000031	23.307985	-0.995841	0.000004	-0.091107	-0.091107	0.000197	0.995841	0.000022	1.000000	-0.000196
224	22.452731	10.000031	23.258692	-0.994227	0.000002	-0.107294	-0.107294	0.000189	0.994227	0.000022	1.000000	-0.000188
225	21.956066	10.000031	23.201115	-0.992091	-0.000000	-0.125519	-0.125519	0.000176	0.992091	0.000022	1.000000	-0.000174
226	21.460786	10.000031	23.132662	-0.989214	-0.000000	-0.146476	-0.146476	0.000151	0.989214	0.000022	1.000000	-0.000150
227	20.967113	10.000031	23.053518	-0.985466	-0.000001	-0.169871	-0.169871	0.000132	0.985466	0.000022	1.000000	-0.000131
228	20.475456	10.000031	22.962691	-0.980838	0.000001	-0.194823	-0.194823	0.000106	0.980838	0.000022	1.000000	-0.000103
229	19.986219	10.000031	22.859597	-0.975373	0.000004	-0.220560	-0.220560	0.000079	0.975373	0.000022	1.000000	-0.000076
230	19.500275	10.000031	22.741959	-0.969008	-0.000001	-0.247031	-0.247031	0.000047	0.969008	0.000011	1.000000	-0.000046
231	19.017626	10.000031	22.611497	-0.961743	0.000002	-0.273953	-0.273953	0.000012	0.961743	0.000005	1.000000	-0.000011
232	18.538681	10.000031	22.468038	-0.953577	-0.000000	-0.301148	-0.301148	-0.000026	0.953577	-0.000008	1.000000	0.000025
233	18.063871	10.000031	22.311404	-0.944537	0.000001	-0.328406	-0.328406	-0.000069	0.944537	-0.000022	1.000000	0.000066
234	17.594332	10.000031	22.139617	-0.934660	-0.000002	-0.355542	-0.355542	-0.000126	0.934660	-0.000046	1.000000	0.000118
235	17.129735	10.000031	21.954907	-0.924063	0.000000	-0.382240	-0.382240	-0.000171	0.924063	-0.000066	1.000000	0.000158
236	16.670386	10.000031	21.757506	-0.912827	-0.000003	-0.408347	-0.408347	-0.000220	0.912827	-0.000093	1.000000	0.000199
237	16.216574	10.000031	21.547664	-0.901108	-0.000004	-0.433594	-0.433594	-0.000268	0.901108	-0.000120	1.000000	0.000240
238	15.769372	10.000031	21.324076	-0.889117	-0.000002	-0.457680	-0.457680	-0.000317	0.889117	-0.000147	1.000000	0.000281
239	15.327978	10.000031	21.089243	-0.876991	-0.000001	-0.480506	-0.480506	-0.000361	0.876991	-0.000175	1.000000	0.000316
240	14.892408	10.000031	20.843774	-0.864900	0.000002	-0.501944	-0.501944	-0.000406	0.864900	-0.000202	1.000000	0.000352
241	14.462632	10.000031	20.588279	-0.853106	0.000004	-0.521737	-0.521737	-0.000445	0.853106	-0.000229	1.000000	0.000382
242	14.039079	10.000031	20.322583	-0.842865	-0.000002	-0.538125	-0.538125	-0.000470	0.842865	-0.000255	1.000000	0.000395
243	13.619899	10.000031	20.050040	-0.834795	-0.000002	-0.550561	-0.550561	-0.000491	0.834795	-0.000273	1.000000	0.000409
244	13.204044	10.000031	19.772443	-0.829054	-0.000001	-0.559169	-0.559169	-0.000510	0.829053	-0.000286	1.000000	0.000422
245	12.790398	10.000031	19.491559	-0.825763	-0.000003	-0.564017	-0.564017	-0.000517	0.825763	-0.000294	1.000000	0.000425
246	12.377794	10.000031	19.209144	-0.825330	0.000001	-0.564650	-0.564650	-0.000511	0.825330	-0.000287	1.000000	0.000422
247	11.964771	10.000031	18.927344	-0.827345	-0.000000	-0.561694	-0.561694	-0.000494	0.827345	-0.000278	1.000000	0.000409
248	11.550210	10.000031	18.647814	-0.831740	-0.000002	-0.555165	-0.555165	-0.000466	0.831740	-0.000260	1.000000	0.000387
249	11.132985	10.000031	18.372278	-0.838428	-0.000000	-0.545013	-0.545013	-0.000429	0.838428	-0.000234	1.000000	0.000359
250	10.711362	10.000031	18.103530	-0.847552	-0.000001	-0.530713	-0.530713	-0.000373	0.847552	-0.000198	1.000000	0.000316
251	10.284884	10.000031	17.842572	-0.858509	-0.000002	-0.512799	-0.512799	-0.000299	0.858509	-0.000155	1.000000	0.000256
252	9.852761	10.000031	17.591084	-0.871023	0.000002	-0.491242	-0.491241	-0.000214	0.871023	-0.000103	1.000000	0.000187
253	9.414267	10.000031	17.350871	-0.884767	0.000002	-0.466033	-0.466033	-0.000109	0.884767	-0.000049	1.000000	0.000097
254	8.967820	10.000031	17.125805	-0.899531	-0.000001	-0.436858	-0.436858	0.000019	0.899531	0.000008	1.000000	-0.000017
255	8.514250	10.000031	16.915503	-0.914217	-0.000002	-0.405225	-0.405225	0.000167	0.914217	0.000066	1.000000	-0.000154
256	8.053831	10.000031	16.720652	-0.927933	-0.000001	-0.372747	-0.372747	0.000321	0.927933	0.000119	1.000000	-0.000298
257	7.587022	10.000031	16.541609	-0.940524	0.000001	-0.339727	-0.339727	0.000489	0.940524	0.000167	1.000000	-0.000459
258	7.113502	10.000031	16.381159	-0.952089	-0.000000	-0.305821	-0.305821	0.000654	0.952089	0.000200	1.000000	-0.000623
259	6.634714	10.000031	16.237249	-0.962627	0.000001	-0.270832	-0.270832	0.000817	0.962626	0.000223	1.000000	-0.000786
260	6.151119	10.000031	16.110428	-0.972110	0.000000	-0.234524	-0.234523	0.000977	0.972110	0.000229	1.000000	-0.000950
261	5.663166	10.000031	16.001517	-0.980480	-0.000000	-0.196617	-0.196617	0.001124	0.980480	0.000221	0.999999	-0.001102
262	5.170885	10.000031	15.914256	-0.987664	0.000001	-0.156591	-0.156591	0.001250	0.987663	0.000197	0.999999	-0.001234
263	4.675534	10.000032	15.846750	-0.993439	0.000001	-0.114364	-0.114364	0.001351	0.993438	0.000155	0.999999	-0.001342
264	4.177793	10.000032	15.800083	-0.997571	-0.000000	-0.069664	-0.069664	0.001424	0.997570	0.000099	0.999999	-0.001420
265	3.678449	10.000032	15.775658	-0.999754	-0.000001	-0.022199	-0.022199	0.001466	0.999752	0.000032	0.999999	-0.001466
266	3.178528	10.000032	15.778582	-0.999586	-0.000000	0.028772	0.028772	0.001460	0.999585	-0.000042	0.999999	-0.001459
267	2.679440	10.000032	15.806780	-0.996548	-0.000000	0.083023	0.083022	0.001413	0.996547	-0.000118	0.999999	-0.001408
268	2.182606	10.000032	15.861823	-0.990033	-0.000006	0.140836	0.140836	0.001314	0.990032	-0.000191	0.999999	-0.001300
269	1.689737	10.000016	15.945381	-0.979742	-0.000129	0.200266	0.200266	0.001164	0.979741	-0.000359	0.999999	-0.001114
270	1.203661	9.999841	16.062137	-0.965686	-0.000601	0.259711	0.259711	0.000966	0.965686	-0.000832	0.999999	-0.000777
271	0.725300	9.999353	16.207143	-0.948080	-0.001419	0.318029	0.318028	0.000738	0.948081	-0.001580	0.999999	-0.000248
272	0.256206	9.998388	16.379797	-0.927088	-0.002584	0.374835	0.374835	0.000502	0.927091	-0.002584	0.999997	0.000504
273	-0.202045	9.996778	16.579562	-0.902931	-0.004103	0.429766	0.429769	0.000260	0.902939	-0.003817	0.999992	0.001528
274	-0.646062	9.994214	16.809236	-0.875921	-0.006014	0.482416	0.482425	0.000030	0.875937	-0.005282	0.999982	0.002875
275	-1.076385	9.990648	17.063553	-0.846283	-0.008260	0.532670	0.532689	-0.000179	0.846311	-0.006896	0.999966	0.004552
276	-1.491917	9.985926	17.341375	-0.814308	-0.010829	0.580332	0.580369	-0.000358	0.814354	-0.008611	0.999941	0.006576
277	-1.891522	9.979888	17.641697	-0.780269	-0.013706	0.625294	0.625358	-0.000508	0.780338	-0.010378	0.999906	0.008967
278	-2.271722	9.972157	17.966207	-0.744506	-0.016924	0.667401	0.667505	-0.000667	0.744605	-0.012157	0.999857	0.011794
279	-2.634307	9.962811	18.310200	-0.707142	-0.020417	0.706776	0.706935	-0.000810	0.707278	-0.013868	0.999791	0.015006
280	-2.978626	9.951724	18.672433	-0.668397	-0.024168	0.743412	0.743644	-0.000949	0.668575	-0.015453	0.999707	0.018606
281	-3.303920	9.938760	19.051828	-0.628588	-0.028159	0.777229	0.777556	-0.001103	0.628813	-0.016849	0.999603	0.022588
282	-3.606766	9.923513	19.449296	-0.587536	-0.032351	0.808551	0.808999	-0.001296	0.587809	-0.017969	0.999476	0.026933
283	-3.889681	9.906251	19.861073	-0.545533	-0.036561	0.837291	0.837881	-0.001519	0.545851	-0.018685	0.999330	0.031462
284	-4.152127	9.886957	20.286104	-0.502162	-0.040820	0.863810	0.864565	-0.001769	0.502517	-0.018985	0.999165	0.036180
285	-4.393220	9.865585	20.723536	-0.457148	-0.045153	0.888244	0.889191	-0.002043	0.457532	-0.018845	0.998978	0.041083
286	-4.608757	9.841779	21.173983	-0.410023	-0.049589	0.910726	0.911894	-0.002359	0.410420	-0.018203	0.998767	0.046187
287	-4.801087	9.815815	21.634660	-0.360554	-0.054142	0.931166	0.932582	-0.002666	0.360947	-0.017060	0.998530	0.051453
288	-4.969056	9.787639	22.104635	-0.308427	-0.058816	0.949428	0.951124	-0.002936	0.308796	-0.015375	0.998265	0.056847
289	-5.111098	9.757167	22.582973	-0.253273	-0.063618	0.965301	0.967306	-0.003141	0.253592	-0.013101	0.997969	0.062334
290	-5.221551	9.723993	23.069388	-0.194523	-0.068548	0.978500	0.980846	-0.003277	0.194759	-0.010144	0.997642	0.067873
291	-5.302925	9.688425	23.561280	-0.132330	-0.073572	0.988472	0.991184	-0.003276	0.132449	-0.006507	0.997285	0.073357
292	-5.353614	9.650430	24.057085	-0.066633	-0.078658	0.994672	0.997775	-0.003103	0.066596	-0.002152	0.996897	0.078690
293	-5.371660	9.609966	24.554989	0.002421	-0.083729	0.996486	0.999993	-0.002738	-0.002660	0.002951	0.996485	0.083722
294	-5.350446	9.566707	25.052518	0.074713	-0.088700	0.993252	0.997166	-0.002213	-0.075205	0.008868	0.996056	0.088283
295	-5.294189	9.521127	25.547035	0.147572	-0.093350	0.984636	0.988930	-0.001661	-0.148373	0.015486	0.995632	0.092072
296	-5.203421	9.473441	26.036207	0.218086	-0.097444	0.971053	0.975666	-0.001332	-0.219256	0.022658	0.995240	0.094782
297	-5.079120	9.423905	26.517830	0.285647	-0.100952	0.953003	0.957859	-0.001267	-0.287236	0.030205	0.994890	0.096336
298	-4.918169	9.372588	26.988295	0.350290	-0.103866	0.930864	0.935872	-0.001465	-0.352338	0.037960	0.994590	0.096692
299	-4.726852	9.320000	27.447050	0.412501	-0.106285	0.904735	0.909808	-0.001793	-0.415025	0.045733	0.994334	0.095959
300	-4.506238	9.266360	27.892338	0.472460	-0.108248	0.874680	0.879735	-0.002180	-0.475460	0.053374	0.994121	0.094200
301	-4.256989	9.211876	28.322203	0.530311	-0.109753	0.840669	0.845625	-0.002562	-0.533771	0.060737	0.993956	0.091452
302	-3.976191	9.156699	28.732061	0.586304	-0.110743	0.802486	0.807262	-0.002848	-0.590187	0.067645	0.993845	0.087729
303	-3.669047	9.101161	29.122438	0.640437	-0.111274	0.759907	0.764439	-0.002956	-0.644690	0.073983	0.993785	0.083169
304	-3.336390	9.045480	29.491290	0.692601	-0.111330	0.712677	0.716913	-0.002814	-0.697157	0.079620	0.993780	0.077865
305	-2.978837	8.989889	29.836145	0.742611	-0.110871	0.660482	0.664381	-0.002358	-0.747390	0.084422	0.993832	0.071909
306	-2.594194	8.934729	30.150555	0.790324	-0.109771	0.602775	0.606310	-0.001477	-0.795227	0.088183	0.993956	0.065388
307	-2.187481	8.880252	30.435832	0.834988	-0.108051	0.539555	0.542714	-0.000203	-0.839918	0.090863	0.994145	0.058471
308	-1.760281	8.826762	30.689607	0.875014	-0.105623	0.472434	0.475209	0.001269	-0.879872	0.092335	0.994405	0.051304
309	-1.315047	8.774631	30.910726	0.907964	-0.102418	0.406339	0.408712	0.002407	-0.912660	0.092495	0.994739	0.044045
310	-0.853706	8.724483	31.096569	0.933283	-0.098507	0.345369	0.347327	0.002925	-0.937740	0.091364	0.995132	0.036944
311	-0.381861	8.676326	31.254396	0.952521	-0.094184	0.289540	0.291097	0.002928	-0.956689	0.089257	0.995550	0.030206
312	0.097991	8.630316	31.386752	0.966821	-0.089594	0.239229	0.240413	0.002510	-0.970667	0.086365	0.995975	0.023967
313	0.583889	8.586579	31.495974	0.977220	-0.084846	0.194533	0.195387	0.001806	-0.980724	0.082859	0.996392	0.018342
314	1.074645	8.545501	31.582181	0.984513	-0.080009	0.155992	0.156571	0.000981	-0.987666	0.078869	0.996794	0.013493
315	1.568301	8.506752	31.651150	0.989634	-0.075147	0.122383	0.122743	0.000181	-0.992438	0.074557	0.997172	0.009403
316	2.064011	8.470338	31.705114	0.993146	-0.070281	0.093384	0.093583	-0.000468	-0.995611	0.070016	0.997527	0.006112
317	2.561151	8.436291	31.746026	0.995475	-0.065415	0.068920	0.069011	-0.000873	-0.997616	0.065319	0.997858	0.003645
318	3.059327	8.404940	31.774812	0.996938	-0.060537	0.049501	0.049530	-0.001018	-0.998772	0.060513	0.998165	0.001984
319	3.558053	8.375936	31.795326	0.997865	-0.055633	0.034201	0.034199	-0.000985	-0.999415	0.055634	0.998451	0.000919
320	4.057137	8.349297	31.809452	0.998454	-0.050680	0.022827	0.022814	-0.000835	-0.999739	0.050685	0.998715	0.000322
321	4.556458	8.325080	31.818937	0.998840	-0.045654	0.015286	0.015274	-0.000611	-0.999883	0.045658	0.998957	0.000087
322	5.055956	8.303679	31.825427	0.999109	-0.040523	0.011825	0.011819	-0.000383	-0.999930	0.040525	0.999179	0.000096
323	5.555566	8.284738	31.830906	0.999317	-0.035462	0.010422	0.010422	-0.000172	-0.999946	0.035462	0.999371	0.000197
324	6.055266	8.268174	31.835893	0.999484	-0.030653	0.009581	0.009585	-0.000012	-0.999954	0.030652	0.999530	0.000282
325	6.555040	8.253879	31.840533	0.999618	-0.026154	0.008910	0.008915	0.000049	-0.999960	0.026153	0.999658	0.000282
326	7.054879	8.241969	31.844781	0.999724	-0.022035	0.008143	0.008146	0.000029	-0.999967	0.022034	0.999757	0.000208
327	7.554763	8.231952	31.848640	0.999807	-0.018261	0.007305	0.007306	-0.000015	-0.999973	0.018261	0.999833	0.000118
328	8.054682	8.223660	31.852098	0.999869	-0.014847	0.006511	0.006511	-0.000052	-0.999979	0.014847	0.999890	0.000045
329	8.554627	8.216945	31.855184	0.999914	-0.011794	0.005789	0.005788	-0.000069	-0.999983	0.011794	0.999930	-0.000000
330	9.054593	8.211803	31.857901	0.999945	-0.009161	0.005166	0.005165	-0.000072	-0.999987	0.009161	0.999958	-0.000025
331	9.554571	8.207835	31.860344	0.999966	-0.006885	0.004647	0.004646	-0.000065	-0.999989	0.006885	0.999976	-0.000033
332	10.054558	8.204875	31.862553	0.999979	-0.004956	0.004199	0.004199	-0.000054	-0.999991	0.004956	0.999988	-0.000033
333	10.554549	8.202776	31.864567	0.999987	-0.003364	0.003829	0.003829	-0.000034	-0.999993	0.003364	0.999994	-0.000022
334	11.054544	8.201455	31.866406	0.999991	-0.002136	0.003559	0.003559	-0.000016	-0.999994	0.002136	0.999998	-0.000008
335	11.554540	8.200648	31.868132	0.999994	-0.001203	0.003364	0.003364	0.000002	-0.999994	0.001203	0.999999	0.000006
336	12.054537	8.200221	31.869781	0.999995	-0.000547	0.003241	0.003241	0.000009	-0.999995	0.000547	1.000000	0.000011
337	12.554535	8.200053	31.871378	0.999995	-0.000150	0.003166	0.003166	0.000022	-0.999995	0.000150	1.000000	0.000022
338	13.054532	8.200027	31.872951	0.999995	-0.000016	0.003147	0.003147	0.000033	-0.999995	0.000016	1.000000	0.000033
